epoch,train_loss,val_loss
0,0,0.4532974835099845,0.33405574162801105
0,1,0.3244110767183633,0.2993793785572052
0,2,0.29879654378726567,0.28819113969802856
0,3,0.25842721606123037,0.2614895701408386
0,4,0.24884548063935905,0.25247247020403546
0,5,0.24367378909012366,0.2553172707557678
0,6,0.23827603562124844,0.2491352061430613
0,7,0.23638384917686725,0.24025981624921164
0,8,0.23224042612930823,0.2395032743612925
0,9,0.23006333975956358,0.23226488629976907
0,10,0.22771931927779626,0.24084267020225525
0,11,0.2270693244605229,0.23926355441411337
0,12,0.22094594712915092,0.24989242355028787
0,13,0.2254375681794923,0.2307587464650472
0,14,0.2182012765571989,0.2247720460096995
0,15,0.2124358107303751,0.22844088077545166
0,16,0.21453534734660182,0.22311830520629883
0,17,0.2113765889200671,0.23884024222691855
0,18,0.2112660171656773,0.22691912452379862
0,19,0.20580924379414525,0.22664064168930054
0,20,0.20663863728786336,0.22322564323743185
0,21,0.20515296685284581,0.21697484453519186
0,22,0.203823393788831,0.23895999789237976
0,23,0.20739480442014233,0.21373388171195984
0,24,0.20107393120897227,0.2222311794757843
0,25,0.20017694810341144,0.2152291735013326
0,26,0.1990669349144245,0.21871477365493774
0,27,0.1991696727686915,0.2094139059384664
0,28,0.19696588249042116,0.21101845304171243
0,29,0.19720130439462333,0.21076948444048563
0,30,0.19483476671679267,0.22002468506495157
0,31,0.19627730085931974,0.22453283270200095
0,32,0.1963816274856699,0.21341586112976074
0,33,0.19281871051623903,0.21857579549153647
0,34,0.1941862024109939,0.21529745062192282
0,35,0.19180736562301373,0.21813339988390604
0,36,0.19207101546484848,0.2170866628487905
0,37,0.19129458583634476,0.21752595901489258
0,38,0.1902901920778998,0.21713892618815103
0,39,0.19031222832613978,0.21268088618914285
0,40,0.18873356950694117,0.21133973201115927
0,41,0.1877637125294784,0.21427609523137411
0,42,0.1861420540974058,0.21810303131739298
0,43,0.1873234787891651,0.21555136640866598
0,44,0.18786361710778599,0.20775566498438516
0,45,0.1849931786800253,0.2091973821322123
0,46,0.18588596171346203,0.2055376966794332
0,47,0.18267682811309552,0.20854551593462625
0,48,0.1840577063889339,0.2196869949499766
0,49,0.18469564462530202,0.20672114690144858
0,50,0.1825881415400012,0.21877450744311014
0,51,0.18236645542342086,0.2147979736328125
0,52,0.18242843808798953,0.20993650952974954
0,53,0.18109516028700204,0.21030553181966147
0,54,0.18033301213691974,0.21204963326454163
0,55,0.18056983063960896,0.2126042644182841
0,56,0.1785682275377471,0.21751839915911356
0,57,0.17931472535791068,0.21116291483243307
0,58,0.1778940044600388,0.21926313638687134
0,59,0.1778330278807673,0.21923643350601196
0,60,0.17881129527914114,0.22208655873934427
0,61,0.17570521913725753,0.20991186300913492
0,62,0.17686092648012885,0.20882495244344076
0,63,0.17355893706453257,0.20311932762463888
0,64,0.17472499095160385,0.21786028146743774
0,65,0.1735959217466157,0.21053895354270935
0,66,0.1731171659354506,0.19891230265299478
0,67,0.17294144733198757,0.22305789589881897
0,68,0.17252900682646652,0.21652817726135254
0,69,0.17127790430496478,0.21745256582895914
0,70,0.17127537213522812,0.21111051241556802
0,71,0.17114753764251184,0.2177772025267283
0,72,0.17101512797947588,0.21983099977175394
0,73,0.1690118651965569,0.2286549210548401
0,74,0.17045306234524168,0.2072498897711436
0,75,0.1680555703311131,0.2134780486424764
0,76,0.16647192527507915,0.20807448029518127
0,77,0.16542284961404471,0.21596180399258932
0,78,0.1654125637021558,0.22629107038180032
0,79,0.1661530969471767,0.20783944924672446
0,80,0.16491377970267987,0.22510573267936707
0,81,0.1646264925085265,0.22179742654164633
0,82,0.16352601400737105,0.2231605350971222
0,83,0.1623934692349927,0.2101670205593109
0,84,0.16219365082938095,0.20904033382733664
0,85,0.160221122462174,0.21436718106269836
0,86,0.15965240988238105,0.21869277954101562
0,87,0.16114316212719884,0.21457805236180624
0,88,0.15831151707419033,0.22692513465881348
0,89,0.15799235681007648,0.20748432477315268
0,90,0.1593757138170045,0.21090157826741537
0,91,0.15577601667108207,0.2071435252825419
0,92,0.1573765185372583,0.205431600411733
0,93,0.15560068035947866,0.20695942640304565
0,94,0.15482458986085038,0.21846672892570496
0,95,0.1539733492094895,0.20397899548212686
0,96,0.15489514326227122,0.22446117798487344
0,97,0.15225423512787656,0.21504871050516763
0,98,0.15372499412503735,0.21539815266927084
0,99,0.15151287050082765,0.2178489069143931
0,100,0.15085844233118254,0.22084943453470865
0,101,0.15094907735956126,0.21155609687169394
0,102,0.15079233255879632,0.20916796724001566
0,103,0.1483243416095602,0.20874708890914917
0,104,0.14715536298422977,0.2102979818979899
0,105,0.14708697384801403,0.20589056611061096
0,106,0.14524359538637358,0.21939510107040405
0,107,0.14763188156588325,0.20293951034545898
0,108,0.14478170357901474,0.20548235376675925
0,109,0.14231674938366332,0.2115689218044281
0,110,0.14469723865903658,0.21687914927800497
0,111,0.144842693517948,0.21028989553451538
0,112,0.14359642102800566,0.21897852420806885
0,113,0.14141925141729159,0.2201845347881317
0,114,0.14072886828718514,0.21388405561447144
0,115,0.13999668483076425,0.22100696961085
0,116,0.14006923601545138,0.20961719751358032
0,117,0.1378623185486629,0.22596241037050882
0,118,0.1391822942372026,0.21836638450622559
0,119,0.13919069849211593,0.22385028998057047
0,120,0.14041073466169424,0.212838480869929
0,121,0.1357688482465415,0.21775372823079428
0,122,0.13574313398065238,0.22340935468673706
0,123,0.13851673130331368,0.2154743770758311
0,124,0.13308271354642406,0.2132993737856547
0,125,0.13491601368476605,0.21490089098612467
0,126,0.13429321605583716,0.2052223285039266
0,127,0.13267164497539916,0.22709002097447714
